1000100000000000000000000010
1000000010000000000000000000
1000000000000000001101000
1001000101111111111111111100
100100000000000000000001
1001100000000000000001101001
10011001100110000000000000000100
1001100110000000000000000010
11100111111111111111111101
11010000000000000000000000000000
10011011100100000000000000000010
1001000000000000000000000101
1001100010000000000000000010
11001100100011000000000000000
1100011101110000000000000000010
10001011101110000000000000000000
10010011101110000000000000000000
1101011101110000000000000001111
1010000100010000000000000000000
1110011100010000000000000011100
1000011101110000000000000000000
111001000110000000000000000000
10001000000000000000001010010
1011001000100000000000000000000
110001000110000000000000000000
101000100100001000000000000000
10001100010000000000001100000
100001100100011000000000000000
1001000100100000000000000000000
1010000000000000000000000110
1010100000000000000000110010
1111010101000000000000000000000
11000011100000000000000000000000
11001011000000000000000000000000
10000010101000000000000000000000
1100001001111111111111111111
1100101011111111111111101101
1101001100000000000000000000
1101101110000000000000000000
10101101000000000000000000000000
11011000000000000000000000000000
0
0
0
0
0
0
0
0
0
0
0
0
0
0
0
0
0
0
0
0
0
0
0
0
0
0
0
0
0
0
0
0
0
0
0
0
0
0
0
0
0
00000000000000000000000000100110
0
0
0
0
0
0
0
0
0
0
0
0
0
0
0
0
0
0
0
0
0
00000000000000000000000001010101
0
0
0
0
0
0
0
0
0
0
0
0
0
0
0
0
0
0
0
0
0
0
0
0
0
0
0
0
0
0
0
0
0
0
0
0
0
0
0
0
0
0
0
0
0
0
0
0
0
0
0
0
0
0
0
0
0
0
0
0
0
0
0
0
0
0
0
0
0
0
0
0
0
0
0
0
0
0
0
0
0
0
0
0
0
0
0
0
0
0
0
0
0
0
0
0
0
0
0
0
0
0
0
0
0
0
0
0
0
0
0
0
0
0
0
0
0
0
0
0
0
0
0
0
0
0
0
0
0
0
0
0
0
0
0
0
0
0
0
0
0
0
0
0
0
0
0
0
0
0
0
0
0
0
0
0
0
0
0
0
0
0
0
0
0
0
0
0
0
0
0
0
0
0
0
0
0
0
0
0
0
0
0
0
0
0
0
0
0
0
0
0
0
0
0
11110110001010000000000000000
100110010011011000000000000000
100110111011100000000000000000
10100111100000000000000000000000
0
0
0
0
0
0
0
0
0
0
0
0
0
0
0
0
0
0
0
0
0
0
0
0
0
0
0
0
0
0
0
0
0
0
0
0
0
0
0
0
0
0
0
0
0
0
0
0
0
0
0
0
0
0
0
0
0
0
0
0
0
0
0
0
0
0
0
0
0
0
0
0
0
0
0
0
0
0
0
0
0
0
0
0
0
0
0
0
0
0
0
0
0
0
0
0
0
0
0
0
0
0
0
0
0
0
0
0
0
0
0
0
0
0
0
0
0
0
0
0
0
0
0
0
0
0
0
0
0
0
0
0
0
0
0
0
0
0
0
0
0
0
0
0
0
0
0
0
0
0
0
0
0
0
0
0
0
0
0
0
0
0
0
0
0
0
0
0
0
0
0
0
0
0
0
0
0
0
0
0
0
0
0
0
0
0
0
0
0
0
0
0
0
0
0
0
0
0
0
0
0
0
0
0
0
0
0
0